new_id	original_id
0	8151
1	8152
2	8338
3	8725
4	9303
5	1000009740
6	1000010154
7	1000010159
8	1000010257
9	1000010259
10	1000010405
11	1000010578
12	1000011143
13	1000011427
14	1000011428
15	1000011429
16	1000012184
17	1000012198
18	1000012386
19	1000012636
20	1000013180
21	1000013848
22	1000014342
23	1000014356
24	1000014408
25	1000014950
26	1000015279
27	1000015428
28	1000015964
29	1000015970
30	1000016121
31	1000016201
32	1000016397
33	1000016401
34	1000016675
35	1000016682
36	1000016683
37	1000016684
38	1000016685
39	1000016690
40	1000017658
41	1000017848
42	1000017849
43	1000017851
44	1000017852
45	1000017854
46	1000017856
47	1000018031
48	1000018032
49	1000018054
50	1000018237
51	1000018917
52	1000018918
53	1000018920
54	1000018921
55	1000018926
56	1000018927
57	1000018928
58	1000018929
59	1000018931
60	1000018932
61	1000018933
62	1000018934
63	1000018936
64	1000018937
65	1000018938
66	1000018939
67	1000018940
68	1000018942
69	1000018943
70	1000018944
71	1000018945
72	1000018946
73	1000018951
74	1000018952
75	1000018953
76	1000019490
77	1000020271
78	1000020272
79	1000020371
80	1000020372
81	1000020618
82	1000020762
83	1000020764
84	1000020876
85	1000020985
86	1000021523
87	1000021524
88	1000021736
89	1000021767
90	1000022817
91	1000022975
92	1000023708
93	1000023758
94	1000024375
95	1000024377
96	1000024379
97	1000024381
98	1000024715
99	1000025935
100	1000026506
101	1000026700
102	1000027001
103	1000027002
104	1000027380
105	1000027988
106	1000028004
107	1000028162
108	1000028503
109	1000028567
110	1000028637
111	1000028747
112	1000029883
113	1000030129
114	1000030130
115	1000030131
116	1000030132
117	1000030147
118	1000030288
119	1000030289
120	1000030686
121	1000030687
122	1000030688
123	1000030689
124	1000031082
125	1000031888
126	1000032782
127	1000033613
128	1000033765
129	1000034051
130	1000034187
131	1000034841
132	1000034842
133	1000034843
134	1000034895
135	1000035110
136	1000035283
137	1000035480
138	1000036224
139	1000036225
140	1000036226
141	1000036227
142	1000036378
143	1000036925
144	1000036930
145	1000037176
146	1000037445
147	1000037688
148	1000037735
149	1000037737
150	1000038011
151	1000038452
152	1000038900
153	1000038901
154	1000038902
155	1000039017
156	1000039059
157	1000039070
158	1000039071
159	1000039072
160	1000040443
161	1000041073
162	1000041134
163	1000041140
164	1000041142
165	1000041149
166	1000041183
167	1000041184
168	1000041191
169	1000041192
170	1000043021
171	1000044465
172	1000044705
173	1000045108
174	1000045184
175	1000045188
176	1000045496
177	1000045609
178	1000045617
179	1000045618
180	1000046064
181	1000046075
182	1000046131
183	1000046147
184	1000046260
185	1000046261
186	1000046262
187	1000046742
188	1000046917
189	1000046918
190	1000046919
191	1000046920
192	1000047189
193	1000047194
194	1000047202
195	1000047334
196	1000048128
197	1000048182
198	1000048199
199	1000048213
200	1000048407
201	1000048610
202	1000048619
203	1000048923
204	1000049186
205	1000049198
206	1000049199
207	1000049201
208	1000049203
209	1000049204
210	1000049205
211	1000049206
212	1000049213
213	1000049214
214	1000049215
215	1000049216
216	1000049485
217	1000049763
218	1000050469
219	1000050471
220	1000050574
221	1000050584
222	1000050666
223	1000050667
224	1000050668
225	1000050669
226	1000050670
227	1000050671
228	1000050672
229	1000050676
230	1000050925
231	1000052021
232	1000052022
233	1000052023
234	1000052025
235	1000052102
236	1000053234
237	1000053781
238	1000054194
239	1000054449
240	1000055215
241	1000055651
242	1000055773
243	1000055882
244	1000055883
245	1000055884
246	1000055885
247	1000056145
248	1000057496
249	1000057500
250	1000057503
251	1000057737
252	1000057814
253	1000057970
254	1000058377
255	1000058443
256	1000058445
257	1000058447
258	1000058450
259	1000058691
260	1000058703
261	1000058951
262	1000059156
263	1000059265
264	1000059335
265	1000059861
266	1000060269
267	1000060279
268	1000061102
269	1000061112
270	1000061317
271	1000061570
272	1000062847
273	1000062848
274	1000062873
275	1000062891
276	1000064373
277	1000064377
278	1000064703
279	1000064704
280	1000064716
281	1000064888
282	1000064998
283	1000065009
284	1000065828
285	1000066215
286	1000066220
287	1000066437
288	1000066453
289	1000066455
290	1000066733
291	1000066790
292	1000066792
293	1000066793
294	1000066853
295	1000067677
296	1000067832
297	1000067833
298	1000067994
299	1000068094
300	1000068238
301	1000069014
302	1000069020
303	1000069300
304	1000069330
305	1000069331
306	1000069438
307	1000069734
308	1000070003
309	1000071879
310	1000071885
311	1000071886
312	1000072768
313	1000072769
314	1000072770
315	1000072771
316	1000072772
317	1000072775
318	1000072776
319	1000072777
320	1000072779
321	1000072933
322	1000072967
323	1000073463
324	1000073465
325	1000073575
326	1000074724
327	1000074725
328	1000074729
329	1000074730
330	1000074793
331	1000074799
332	1000074892
333	1000074958
334	1000074959
335	1000075887
336	1000076080
337	1000076094
338	1000076309
339	1000076380
340	1000076399
341	1000076580
342	1000076968
343	1000081102
344	1000091222
345	1000092863
346	1000145979
347	1000160312
348	1000163163
349	1000163166
350	1000163247
351	1000163303
352	1000163534
353	1000163540
354	1000163701
355	1000163703
356	1000163899
357	1000163910
358	1000163994
359	1000164099
360	1000164185
361	1000164251
362	1000164542
363	1000164855
364	1000165099
365	1000165168
366	1000165471
367	1000165525
368	1000166286
369	1000166382
370	1000166971
371	1000166993
372	1000167280
373	1000167415
374	1000167416
375	1000167463
376	1000168452
377	1000168546
378	1000168575
379	1000168978
380	1000169570
381	1000169590
382	1000169591
383	1000169862
384	1000169864
385	1000169865
386	1000169866
387	1000169872
388	1000169884
389	1000170355
390	1000170872
391	1000170914
392	1000170990
393	1000170991
394	1000171327
395	1000172164
396	1000172307
397	1000174395
398	1000174469
399	1000174470
400	1000175385
401	1000175387
402	1000177123
403	1000177132
404	1000177468
405	1000177937
406	1000177938
407	1000177950
408	1000178759
409	1000179436
410	1000179439
411	1000179440
412	1000179445
413	1000179446
414	1000179447
415	1000179531
416	1000179532
417	1000179891
418	1000179904
419	1000179931
420	1000179952
421	1000179956
422	1000180241
423	1000180762
424	1000180987
425	1000181110
426	1000181111
427	1000181113
428	1000181120
429	1000181121
430	1000181122
431	1000181134
432	1000181310
433	1000181477
434	1000181941
435	1000181947
436	1000181948
437	1000181978
438	1000182219
439	1000182228
440	1000182732
441	1000182761
442	1000182850
443	1000183098
444	1000183223
445	1000183435
446	1000184045
447	1000184470
448	1000184822
449	1000184824
450	1000184825
451	1000184826
452	1000184827
453	1000184828
454	1000184829
455	1000184830
456	1000184831
457	1000184832
458	1000184833
459	1000184932
460	1000185765
461	1000185781
462	1000186905
463	1000186929
464	1000187050
465	1000187057
466	1000187189
467	1000188774
468	1000189259
469	1000189313
470	1000189457
471	1000189644
472	1000191175
473	1000191176
474	1000191181
475	1000191334
476	1000192341
477	1000192342
478	1000192343
479	1000192733
480	1000193112
481	1000193473
482	1000193532
483	1000193539
484	1000193540
485	1000193573
486	1000193574
487	1000193575
488	1000193591
489	1000193593
490	1000193597
491	1000193610
492	1000193611
493	1000193612
494	1000193743
495	1000193880
496	1000194244
497	1000194846
498	1000195414
499	1000197921
500	1000197925
501	1000197927
502	1000198324
503	1000198325
504	1000198700
505	1000198853
506	1000199057
507	1000199146
508	1000199321
509	1000199360
510	1000199469
511	1000199637
512	1000199746
513	1000199747
514	1000199761
515	1000199772
516	1000199810
517	1000200282
518	1000200286
519	1000200610
520	1000201070
521	1000201162
522	1000201736
523	1000201737
524	1000202034
525	1000202035
526	1000202037
527	1000202041
528	1000202122
529	1000202123
530	1000203037
531	1000203044
532	1000203696
533	1000203701
534	1000203729
535	1000203730
536	1000203731
537	1000203775
538	1000204344
539	1000205728
540	1000205811
541	1000205812
542	1000206152
543	1000206153
544	1000206154
545	1000206155
546	1000206157
547	1000206223
548	1000206335
549	1000207310
550	1000207710
551	1000208956
552	1000208970
553	1000208977
554	1000208991
555	1000209008
556	1000209009
557	1000209010
558	1000209014
559	1000209015
560	1000209017
561	1000209567
562	1000209780
563	1000210964
564	1000211131
565	1000211544
566	1000211545
567	1000211546
568	1000211547
569	1000213355
570	1000213764
571	1000213765
572	1000213766
573	1000214680
574	1000214765
575	1000214766
576	1000214927
577	1000214940
578	1000215300
579	1000215306
580	1000215473
581	1000215549
582	1000217329
583	1000224939
584	1000225247
585	1000225268
586	1000225269
587	1000225278
588	1000225298
589	1000225299
590	1000225389
591	1000225390
592	1000225391
593	1000225392
594	1000225393
595	1000225394
596	1000225535
597	1000225536
598	1000225542
599	1000225617
600	1000225618
601	1000225619
602	1000226067
603	1000226068
604	1000226069
605	1000226338
606	1000226563
607	1000226603
608	1000226620
609	1000226627
610	1000226634
611	1000226636
612	1000226754
613	1000226942
614	1000226944
615	1000227415
616	1000227787
617	1000228931
618	1000229152
619	1000229196
620	1000229207
621	1000229325
622	1000229326
623	1000229366
624	1000229416
625	1000229417
626	1000229418
627	1000229528
628	1000229529
629	1000229530
630	1000229531
631	1000229532
632	1000229533
633	1000229855
634	1000230117
635	1000230437
636	1000230482
637	1000231033
638	1000231130
639	1000231132
640	1000231134
641	1000231136
642	1000231144
643	1000231145
644	1000231146
645	1000231659
646	1000232196
647	1000232566
648	1000233497
649	1000233500
650	1000233501
651	1000233639
652	1000233643
653	1000233644
654	1000233849
655	1000233850
656	1000234625
657	1000234676
658	1000235320
659	1000235321
660	1000235339
661	1000235383
662	1000235384
663	1000235642
664	1000235643
665	1000235644
666	1000235646
667	1000235647
668	1000235648
669	1000235649
670	1000235650
671	1000236620
672	1000236621
673	1000236622
674	1000236633
675	1000236634
676	1000236635
677	1000236636
678	1000236637
679	1000236639
680	1000236700
681	1000236701
682	1000236702
683	1000236703
684	1000236704
685	1000236705
686	1000236706
687	1000236771
688	1000236779
689	1000236865
690	1000237646
691	1000237864
692	1000238340
693	1000238632
694	1000238885
695	1000238996
696	1000238998
697	1000239001
698	1000239154
699	1000239158
700	1000239179
701	1000239180
702	1000239181
703	1000239182
704	1000239183
705	1000239184
706	1000239185
707	1000239186
708	1000239856
709	1000240171
710	1000240273
711	1000240274
712	1000240483
713	1000240484
714	1000240935
715	1000240957
716	1000240964
717	1000240965
718	1000240974
719	1000240980
720	1000241003
721	1000241006
722	1000241012
723	1000241040
724	1000241689
725	1000241879
726	1000241880
727	1000241985
728	1000241986
729	1000242493
730	1000243022
731	1000243028
732	1000243032
733	1000243242
734	1000243482
735	1000244735
736	1000244742
737	1000244901
738	1000244902
739	1000244903
740	1000244910
741	1000244916
742	1000245940
743	1000245950
744	1000245995
745	1000245996
746	1000245997
747	1000245998
748	1000245999
749	1000246433
750	1000246537
751	1000246538
752	1000246539
753	1000246893
754	1000246894
755	1000246895
756	1000246896
757	1000246897
758	1000246898
759	1000246899
760	1000247040
761	1000247041
762	1000247042
763	1000247051
764	1000247103
765	1000247104
766	1000247818
767	1000247830
768	1000247882
769	1000247905
770	1000247968
771	1000248579
772	1000248916
773	1000248924
774	1000248925
775	1000248926
776	1000248936
777	1000248937
778	1000248950
779	1000249227
780	1000249869
781	1000249871
782	1000250181
783	1000250281
784	1000250492
785	1000250493
786	1000250494
787	1000250495
788	1000250496
789	1000250497
790	1000250498
791	1000250499
792	1000250500
793	1000250501
794	1000250657
795	1000250744
796	1000250928
797	1000251121
798	1000251122
799	1000251463
800	1000252218
801	1000252267
802	1000253417
803	1000253455
804	1000253458
805	1000253460
806	1000253461
807	1000253738
808	1000253789
809	1000253798
810	1000253839
811	1000253840
812	1000254137
813	1000254429
814	1000254788
815	1000255344
816	1000255433
817	1000255605
818	1000256058
819	1000256306
820	1000256694
821	1000257030
822	1000257128
823	1000257236
824	1000257623
825	1000257654
826	1000257659
827	1000257742
828	1000258020
829	1000258021
830	1000263266
831	1000263271
832	1000263342
833	1000263343
834	1000268407
835	1000268408
836	1000268942
837	1000269016
838	1000269029
839	1000269032
840	1000269035
841	1000269036
842	1000269092
843	1000269177
844	1000269371
845	1000269372
846	1000269373
847	1000269374
848	1000269375
849	1000269376
850	1000269418
851	1000269729
852	1000269939
853	1000270390
854	1000270480
855	1000271375
856	1000271543
857	1000271546
858	1000271840
859	1000272405
860	1000272458
861	1000272640
862	1000272760
863	1000272934
864	1000273141
865	1000273299
866	1000273458
867	1000273567
868	1000273568
869	1000273990
870	1000274124
871	1000274128
872	1000274140
873	1000274259
874	1000274260
875	1000274261
876	1000275924
877	1000275925
878	1000275928
879	1000275936
880	1000275937
881	1000276065
882	1000276233
883	1000276234
884	1000276235
885	1000276236
886	1000276240
887	1000276688
888	1000276792
889	1000276797
890	1000276798
891	1000277375
892	1000277376
893	1000277420
894	1000277442
895	1000278525
896	1000278526
897	1000278886
898	1000278982
899	1000278983
900	1000279219
901	1000279372
902	1000279377
903	1000279861
904	1000280157
905	1000280161
906	1000280162
907	1000280163
908	1000280164
909	1000280165
910	1000280167
911	1000280168
912	1000280169
913	1000280170
914	1000280171
915	1000280172
916	1000281294
917	1000281908
918	1000281913
919	1000282791
920	1000283135
921	1000283136
922	1000283137
923	1000283138
924	1000283139
925	1000283140
926	1000283519
927	1000284140
928	1000284400
929	1000284961
930	1000284963
931	1000285041
932	1000285406
933	1000285516
934	1000285517
935	1000285518
936	1000285526
937	1000285629
938	1000285630
939	1000285631
940	1000285832
941	1000285833
942	1000285834
943	1000285835
944	1000285836
945	1000285952
946	1000286250
947	1000286335
948	1000286437
949	1000286480
950	1000286806
951	1000287175
952	1000287320
953	1000287321
954	1000288152
955	1000288522
956	1000288523
957	1000288633
958	1000288635
959	1000288636
960	1000288637
961	1000288756
962	1000288758
963	1000288760
964	1000288761
965	1000288762
966	1000288763
967	1000288833
968	1000288834
969	1000288835
970	1000288836
971	1000289510
972	1000289511
973	1000289512
974	1000289608
975	1000289610
976	1000289937
977	1000289983
978	1000289988
979	1000290264
980	1000290266
981	1000290493
982	1000290565
983	1000290902
984	1000290911
985	1000291284
986	1000291285
987	1000291297
988	1000291330
989	1000291471
990	1000291472
991	1000291657
992	1000291840
993	1000291874
994	1000292036
995	1000292172
996	1000292173
997	1000292174
998	1000292175
999	1000292176
1000	1000292177
1001	1000292178
1002	1000292179
1003	1000292180
1004	1000292181
1005	1000292317
1006	1000292318
1007	1000292319
1008	1000292320
1009	1000292321
1010	1000292324
1011	1000292328
1012	1000292330
1013	1000292454
1014	1000292490
1015	1000292512
1016	1000292713
1017	1000292726
1018	1000292735
1019	1000292736
1020	1000292741
1021	1000292743
1022	1000292745
1023	1000292801
1024	1000292814
1025	1000292815
1026	1000292816
1027	1000292998
1028	1000293198
1029	1000293200
1030	1000293201
1031	1000293495
1032	1000293531
1033	1000293599
1034	1000293701
1035	1000293706
1036	1000294333
1037	1000294334
1038	1000294335
1039	1000294338
1040	1000294339
1041	1000294364
1042	1000294365
1043	1000294503
1044	1000294504
1045	1000294664
1046	1000294708
1047	1000294927
1048	1000294949
1049	1000295007
1050	1000295008
1051	1000295009
1052	1000295012
1053	1000295045
1054	1000295047
1055	1000295049
1056	1000295050
1057	1000295052
1058	1000295067
1059	1000295075
1060	1000295081
1061	1000295083
1062	1000295084
1063	1000295085
1064	1000295087
1065	1000295088
1066	1000295089
1067	1000295095
1068	1000295139
1069	1000295575
1070	1000295576
1071	1000295577
1072	1000295580
1073	1000295641
1074	1000295643
1075	1000295772
1076	1000296840
1077	1000296996
1078	1000297108
1079	1000297682
1080	1000297684
1081	1000297685
1082	1000297686
1083	1000297687
1084	1000297757
1085	1000298252
1086	1000298253
1087	1000299646
1088	1000301137
1089	1000301239
1090	1000301251
1091	1000301257
1092	1000301276
1093	1000301279
1094	1000301293
1095	1000301334
1096	1000301405
1097	1000301503
1098	1000301505
1099	1000302126
1100	1000302127
1101	1000302130
1102	1000302131
1103	1000302132
1104	1000302187
1105	1000303030
1106	1000303568
1107	1000304284
1108	1000304568
1109	1000304639
1110	1000304705
1111	1000304751
1112	1000304943
1113	1000304944
1114	1000304945
1115	1000304949
1116	1000304956
1117	1000305262
1118	1000305387
1119	1000305627
1120	1000305762
1121	1000308207
1122	1000308354
1123	1000308514
1124	1000308515
1125	1000308516
1126	1000308523
1127	1000308942
1128	1000308943
1129	1000308944
1130	1000308947
1131	1000309775
1132	1000309800
1133	1000309870
1134	1000309968
1135	1000310295
1136	1000311800
1137	1000311874
1138	1000311933
1139	1000311934
1140	1000311950
1141	1000311956
1142	1000311996
1143	1000313294
1144	1000313628
1145	1000313757
1146	1000313960
1147	1000314061
1148	1000314075
1149	1000314394
1150	1000314398
1151	1000314399
1152	1000314401
1153	1000314618
1154	1000314818
1155	1000314851
1156	1000314980
1157	1000314981
1158	1000316217
1159	1000316502
1160	1000316747
1161	1000316748
1162	1000316749
1163	1000316750
1164	1000316751
1165	1000316753
1166	1000316754
1167	1000316755
1168	1000316758
1169	1000317565
1170	1000318023
1171	1000318142
1172	1000318345
1173	1000318346
1174	1000318476
1175	1000318555
1176	1000318746
1177	1000318809
1178	1000319005
1179	1000319006
1180	1000319007
1181	1000319008
1182	1000319010
1183	1000319691
1184	1000319719
1185	1000319721
1186	1000319722
1187	1000319739
1188	1000319752
1189	1000319753
1190	1000319754
1191	1000319756
1192	1000319757
1193	1000319760
1194	1000319774
1195	1000319803
1196	1000319840
1197	1000319842
1198	1000319860
1199	1000320335
1200	1000320514
1201	1000320617
1202	1000320654
1203	1000321665
1204	1000321731
1205	1000322324
1206	1000322347
1207	1000322350
1208	1000322356
1209	1000322368
1210	1000322369
1211	1000322370
1212	1000322381
1213	1000322560
1214	1000322561
1215	1000323006
1216	1000323011
1217	1000323272
1218	1000323378
1219	1000323899
1220	1000323900
1221	1000323928
1222	1000324017
1223	1000324033
1224	1000324038
1225	1000324118
1226	1000324348
1227	1000324349
1228	1000324786
1229	1000324787
1230	1000324788
1231	1000324789
1232	1000324794
1233	1000324795
1234	1000324797
1235	1000325351
1236	1000325352
1237	1000325353
1238	1000325792
1239	1000325794
1240	1000325874
1241	1000325875
1242	1000325989
1243	1000326038
1244	1000326136
1245	1000326137
1246	1000326442
1247	1000326886
1248	1000326888
1249	1000326889
1250	1000326890
1251	1000327880
1252	1000327948
1253	1000327949
1254	1000328335
1255	1000328939
1256	1000328948
1257	1000328949
1258	1000328951
1259	1000328958
1260	1000328981
1261	1000329492
1262	1000329493
1263	1000329580
1264	1000329581
1265	1000329683
1266	1000329684
1267	1000329695
1268	1000329696
1269	1000329827
1270	1000329921
1271	1000329922
1272	1000330298
1273	1000330398
1274	1000330399
1275	1000330541
1276	1000330542
1277	1000330543
1278	1000330544
1279	1000330604
1280	1000330680
1281	1000330681
1282	1000331064
1283	1000331104
1284	1000331146
1285	1000331147
1286	1000331148
1287	1000331382
1288	1000331383
1289	1000331428
1290	1000331429
1291	1000331440
1292	1000331441
1293	1000331442
1294	1000331842
1295	1000331843
1296	1000332004
1297	1000332005
1298	1000332006
1299	1000332111
1300	1000332112
1301	1000332137
1302	1000332138
1303	1000332139
1304	1000332176
1305	1000332177
1306	1000332267
1307	1000332268
1308	1000332274
1309	1000332329
1310	1000332354
1311	1000332512
1312	1000332656
1313	1000332718
1314	1000332769
1315	1000333064
1316	1000333093
1317	1000333094
1318	1000333097
1319	1000333254
1320	1000333764
1321	1000333883
1322	1000333929
1323	1000333963
1324	1000334026
1325	1000334027
1326	1000335265
1327	1000335272
1328	1000335543
1329	1000335545
1330	1000335549
1331	1000335551
1332	1000335554
1333	1000335567
1334	1000335568
1335	1000335573
1336	1000335599
1337	1000335601
1338	1000335665
1339	1000335731
1340	1000336069
1341	1000336165
1342	1000336495
1343	1000336741
1344	1000336742
1345	1000336767
1346	1000336770
1347	1000336771
1348	1000336871
1349	1000336976
1350	1000336977
1351	1000336978
1352	1000336981
1353	1000337007
1354	1000337011
1355	1000337170
1356	1000337485
1357	1000337487
1358	1000337511
1359	1000337550
1360	1000337587
1361	1000337648
1362	1000337750
1363	1000338023
1364	1000338032
1365	1000338325
1366	1000338692
1367	1000338697
1368	1000338778
1369	1000338779
1370	1000338780
1371	1000338784
1372	1000338785
1373	1000338812
1374	1000338916
1375	1000338921
1376	1000338922
1377	1000338955
1378	1000339108
1379	1000339109
1380	1000339198
1381	1000339994
1382	1000340658
1383	1000340748
1384	1000340762
1385	1000340766
1386	1000341637
1387	1000341638
1388	1000341644
1389	1000341645
1390	1000341937
1391	1000342009
1392	1000342010
1393	1000342033
1394	1000343102
1395	1000343121
1396	1000343122
1397	1000343123
1398	1000343157
1399	1000343167
1400	1000343415
1401	1000343440
1402	1000343441
1403	1000343443
1404	1000343455
1405	1000343463
1406	1000343465
1407	1000343466
1408	1000343510
1409	1000343512
1410	1000343513
1411	1000343548
1412	1000343549
1413	1000343550
1414	1000343551
1415	1000343552
1416	1000343553
1417	1000343554
1418	1000343567
1419	1000343569
1420	1000343570
1421	1000343572
1422	1000343577
1423	1000343578
1424	1000343581
1425	1000343656
1426	1000343657
1427	1000343658
1428	1000343659
1429	1000343670
1430	1000344538
1431	1000344700
1432	1000344864
1433	1000344865
1434	1000344958
1435	1000344967
1436	1000344977
1437	1000344989
1438	1000344998
1439	1000345005
1440	1000345006
1441	1000345044
1442	1000345131
1443	1000345132
1444	1000345875
1445	1000346098
1446	1000346099
1447	1000346104
1448	1000346105
1449	1000346106
1450	1000346107
1451	1000346108
1452	1000346109
1453	1000346111
1454	1000346112
1455	1000346113
1456	1000346133
1457	1000346135
1458	1000346137
1459	1000346138
1460	1000346141
1461	1000346142
1462	1000346143
1463	1000346145
1464	1000346148
1465	1000346150
1466	1000346152
1467	1000346153
1468	1000346154
1469	1000346215
1470	1000346223
1471	1000346226
1472	1000346233
1473	1000346235
1474	1000346336
1475	1000346346
1476	1000347280
1477	1000347282
1478	1000347776
1479	1000347952
1480	1000348208
1481	1000348301
1482	1000349791
1483	1000349793
1484	1000349795
1485	1000349799
1486	1000349806
1487	1000349807
1488	1000354398
1489	1000354403
1490	1000354736
1491	1000355515
1492	1000355516
1493	1000356069
1494	1000356120
1495	1000356502
1496	1000356505
1497	1000356615
1498	1000356616
1499	1000356618
1500	1000356619
1501	1000356646
1502	1000356653
1503	1000356866
1504	1000356867
1505	1000356868
1506	1000356869
1507	1000357039
1508	1000357253
1509	1000357261
1510	1000357262
1511	1000357277
1512	1000357285
1513	1000357352
1514	1000357354
1515	1000357679
1516	1000357682
1517	1000357700
1518	1000357712
1519	1000357716
1520	1000357740
1521	1000357741
1522	1000357760
1523	1000357763
1524	1000357776
1525	1000357854
1526	1000357926
1527	1000357972
1528	1000358314
1529	1000359253
1530	1000359259
1531	1000359399
1532	1000359400
1533	1000359407
1534	1000359408
1535	1000359409
1536	1000359446
1537	1000359447
1538	1000359601
1539	1000359824
1540	1000360027
1541	1000360089
1542	1000360122
1543	1000360168
1544	1000360170
1545	1000360254
1546	1000360255
1547	1000360258
1548	1000361453
1549	1000361454
1550	1000361455
1551	1000361456
1552	1000361457
1553	1000361458
1554	1000361460
1555	1000361672
1556	1000361925
1557	1000362084
1558	1000362211
1559	1000362212
1560	1000362247
1561	1000362269
1562	1000362388
1563	1000362774
1564	1000363357
1565	1000363836
1566	1000363986
1567	1000364442
1568	1000364475
1569	1000364577
1570	1000364582
1571	1000364653
1572	1000364819
1573	1000365872
1574	1000366475
1575	1000366476
1576	1000366477
1577	1000366478
1578	1000366479
1579	1000366562
1580	1000366569
1581	1000366570
1582	1000366948
1583	1000366949
1584	1000367778
1585	1000367782
1586	1000367783
1587	1000367785
1588	1000368861
1589	1000368878
1590	1000380621
1591	1000384870
1592	1000384879
1593	1000384880
1594	1000384881
1595	1000384882
1596	1000384883
1597	1000384884
1598	1000385226
1599	1000385319
1600	1000385321
1601	1000385322
1602	1000385401
1603	1000385402
1604	1000385626
1605	1000385627
1606	1000385640
1607	1000385641
1608	1000385643
1609	1000385863
1610	1000385864
1611	1000385865
1612	1000385866
1613	1000385867
1614	1000385869
1615	1000386109
1616	1000386110
1617	1000386129
1618	1000386183
1619	1000386184
1620	1000386623
1621	1000386710
1622	1000387014
1623	1000387048
1624	1000387049
1625	1000387050
1626	1000387057
1627	1000387059
1628	1000387089
1629	1000387300
1630	1000387494
1631	1000387495
1632	1000387555
1633	1000387567
1634	1000387568
1635	1000387569
1636	1000387583
1637	1000387606
1638	1000388065
1639	1000388569
1640	1000388609
1641	1000388610
1642	1000388611
1643	1000388612
1644	1000388613
1645	1000389025
1646	1000389041
1647	1000389078
1648	1000389081
1649	1000389099
1650	1000389115
1651	1000389137
1652	1000389138
1653	1000389146
1654	1000389405
1655	1000389995
1656	1000390019
1657	1000390020
1658	1000390021
1659	1000390064
1660	1000390087
1661	1000390133
1662	1000390134
1663	1000390241
1664	1000390242
1665	1000390243
1666	1000390258
1667	1000390301
1668	1000390411
1669	1000390522
1670	1000390951
1671	1000391630
1672	1000391632
1673	1000391633
1674	1000391645
1675	1000391646
1676	1000393456
1677	1000393458
1678	1000398529
1679	1000401035
1680	1000401320
1681	1000403331
1682	1000407904
1683	1000407926
1684	1000415651
1685	1000416031
1686	1000419026
1687	1000422834
1688	1000426937
1689	1000429251
1690	1000430087
1691	1000430088
1692	1000430089
1693	1000433193
1694	1000433626
1695	1000434498
1696	1000435003
1697	1000435004
1698	1000435005
1699	1000435672
1700	1000436760
1701	1000436923
1702	1000436926
1703	1000436927
1704	1000436928
1705	1000436949
1706	1000437098
1707	1000437325
1708	1000437343
1709	1000437344
1710	1000437994
1711	1000437999
1712	1000438047
1713	1000438051
1714	1000438057
1715	1000438072
1716	1000438075
1717	1000445876
1718	1000446852
1719	1000447204
1720	1000450888
1721	1000450987
1722	1000451038
1723	1000451064
1724	1000451323
1725	1000451332
1726	1000452479
1727	1000452480
1728	1000452484
1729	1000452485
1730	1000452488
1731	1000452493
1732	1000452497
1733	1000452499
1734	1000452501
1735	1000452514
1736	1000452573
1737	1000452581
1738	1000452583
1739	1000452592
1740	1000452595
1741	1000452659
1742	1000452704
1743	1000452713
1744	1000453248
1745	1000453251
1746	1000455427
1747	1000455428
1748	1000455429
1749	1000464532
1750	1000464533
1751	1000464537
1752	1000464977
1753	1000464981
1754	1000465867
1755	1000467051
1756	1000475647
1757	1000486553
1758	1000487068
1759	1000487123
1760	1000487289
1761	1000488044
1762	1000488330
1763	1000488332
1764	1000490006
1765	1000490007
1766	1000490008
1767	1000490009
1768	1000490650
1769	1000490927
1770	1000491031
1771	1000491147
1772	1000491148
1773	1000491151
1774	1000491152
1775	1000491153
1776	1000491154
1777	1000491156
1778	1000491159
1779	1000491204
1780	1000491209
1781	1000491210
1782	1000492735
1783	1000492736
1784	1000492737
1785	1000492738
1786	1000492739
1787	1000492740
1788	1000492741
1789	1000492742
1790	1000492750
1791	1000492904
1792	1000493808
1793	1000493813
1794	1000494004
1795	1000494119
1796	1000494761
1797	1000495160
1798	1000498344
1799	1000498402
1800	1000498403
1801	1000498404
1802	1000498478
1803	1000498479
1804	1000498480
1805	1000498536
1806	1000498541
1807	1000498542
1808	1000498543
1809	1000498544
1810	1000498860
1811	1000501246
1812	1000501247
1813	1000501248
1814	1000521869
1815	1000526287
1816	1000526442
1817	1000526885
1818	1000527889
1819	1000543530
1820	1000544339
1821	1000546807
1822	1000546808
1823	1000549901
1824	1000552850
1825	1000553193
1826	1000553194
1827	1000554476
1828	1000554480
1829	1000554481
1830	1000554514
1831	1000554516
1832	1000554517
1833	1000555290
1834	1000556553
1835	1000556557
1836	1000556577
1837	1000556726
1838	1000556737
1839	1000556739
1840	1000556740
1841	1000556741
1842	1000556742
1843	1000556749
1844	1000556750
1845	1000556751
1846	1000556834
1847	1000556835
1848	1000556838
1849	1000557155
1850	1000557157
1851	1000557313
1852	1000558244
1853	1000558247
1854	1000558257
1855	1000559039
1856	1000560613
1857	1000560614
1858	1000560741
1859	1000560742
1860	1000560849
1861	1000561081
1862	1000562049
1863	1000562079
1864	1000562080
1865	1000562081
1866	1000562178
1867	1000562200
1868	1000562312
1869	1000562318
1870	1000562426
1871	1000562530
1872	1000562532
1873	1000562787
1874	1000566229
1875	1000566232
1876	1000566233
1877	1000566338
1878	1000566339
1879	1000566546
1880	1000566548
1881	1000566551
1882	1000566552
1883	1000566555
1884	1000566665
1885	1000567819
1886	1000567836
1887	1000567838
1888	1000567839
1889	1000567840
1890	1000567841
1891	1000567842
1892	1000567927
1893	1000567930
1894	1000567931
1895	1000567932
1896	1000568009
1897	1000568010
1898	1000568014
1899	1000568015
1900	1000568017
1901	1000568025
1902	1000568034
1903	1000568035
1904	1000568057
1905	1000569009
1906	1000569010
1907	1000569156
1908	1000569215
1909	1000569222
1910	1000569223
1911	1000569229
1912	1000569230
1913	1000569301
1914	1000570177
1915	1000570292
1916	1000570837
1917	1000570954
1918	1000571288
1919	1000571397
1920	1000571516
1921	1000571517
1922	1000571518
1923	1000571519
1924	1000571566
1925	1000571567
1926	1000571621
1927	1000572002
1928	1000572003
1929	1000572252
1930	1000572254
1931	1000573110
1932	1000576504
1933	1000576601
1934	1000576717
1935	1000576725
1936	1000577212
1937	1000577216
1938	1000577366
1939	1000577367
1940	1000577395
1941	1000577462
1942	1000577473
1943	1000578028
1944	1000578244
1945	1000578245
1946	1000578246
1947	1000578283
1948	1000578284
1949	1000578290
1950	1000578331
1951	1000578336
1952	1000578888
1953	1000579166
1954	1000579170
1955	1000579171
1956	1000579173
1957	1000579207
1958	1000579587
1959	1000580084
1960	1000580170
1961	1000580189
1962	1000580287
1963	1000580288
1964	1000580336
1965	1000580728
1966	1000580729
1967	1000580736
1968	1000580737
1969	1000580738
1970	1000580788
1971	1000581015
1972	1000581017
1973	1000581019
1974	1000581024
1975	1000581025
1976	1000581042
1977	1000581394
1978	1000581743
1979	1000581744
1980	1000584028
1981	1000584085
1982	1000585043
1983	1000585044
1984	1000585428
1985	1000585735
1986	1000585746
1987	1000585747
1988	1000585748
1989	1000585749
1990	1000585750
1991	1000585751
1992	1000585989
1993	1000585990
1994	1000585991
1995	1000586186
1996	1000586187
1997	1000586188
1998	1000586189
1999	1000586190
2000	1000586193
2001	1000586194
2002	1000586474
2003	1000586475
2004	1000586627
2005	1000587497
2006	1000587606
2007	1000588048
2008	1000588591
2009	1000588683
2010	1000589030
2011	1000590077
2012	1000590355
2013	1000590575
2014	1000590609
2015	1000590614
2016	1000590639
2017	1000591390
2018	1000591817
2019	1000591820
2020	1000591821
2021	1000592619
2022	1000592620
2023	1000592621
2024	1000592622
2025	1000592638
2026	1000593742
2027	1000594223
2028	1000594342
2029	1000594343
2030	1000594959
2031	1000596592
2032	1000596828
2033	1000596830
2034	1000596834
2035	1000596835
2036	1000596855
2037	1000597655
2038	1000597727
2039	1000597926
2040	1000608576
2041	1000608578
2042	1000609128
2043	1000609129
2044	1000609130
2045	1000609131
2046	1000609681
2047	1000610257
2048	1000611354
2049	1000611355
2050	1000611447
2051	1000611683
2052	1000612359
2053	1000612360
2054	1000612361
2055	1000612362
2056	1000612363
2057	1000612364
2058	1000612365
2059	1000612366
2060	1000612368
2061	1000612369
2062	1000612370
2063	1000612373
2064	1000612378
2065	1000612596
2066	1000612607
2067	1000612609
2068	1000612610
2069	1000612956
2070	1000613282
2071	1000613283
2072	1000613287
2073	1000613295
2074	1000613300
2075	1000614221
2076	1000614222
2077	1000614573
2078	1000614644
2079	1000614713
2080	1000616280
2081	1000618750
2082	1000618870
2083	1000620090
2084	1000620110
2085	1000620250
2086	1000620303
2087	1000620398
2088	1000620431
2089	1000620432
2090	1000620435
2091	1000620436
2092	1000620437
2093	1000620448
2094	1000620452
2095	1000620453
2096	1000620454
2097	1000620455
2098	1000620461
2099	1000620462
2100	1000620467
2101	1000620468
2102	1000620470
2103	1000620471
2104	1000620479
2105	1000620480
2106	1000620484
2107	1000620485
2108	1000622027
2109	1000628278
2110	1000628335
2111	1000628337
2112	1000628370
2113	1000628402
2114	1000628409
2115	1000633006
2116	1000727016
2117	1001921836
2118	1002208559
2119	1002325310
2120	1002347839
2121	1002431813
2122	1002433862
2123	1002433863
2124	1002435912
2125	1003891047
2126	1004101596
2127	1004101597
2128	1004106112
2129	1004106113
2130	1004128324
2131	1004172922
2132	1004172952
2133	1004173060
2134	1004173200
2135	1004173203
2136	1004173672
2137	1004173676
2138	1004173678
2139	1004173684
2140	1004173700
2141	1004173724
2142	1004173727
2143	1004175123
2144	1004175237
2145	1004175327
2146	1004175436
2147	1004175473
2148	1004175485
2149	1004175487
2150	1004175489
2151	1004175490
2152	1004175491
2153	1004175498
2154	1004175499
2155	1004175532
2156	1004175538
2157	1004175558
2158	1004175560
2159	1004175564
2160	1004175760
2161	1004176802
2162	1004177090
2163	1004177107
2164	1004177108
2165	1004177109
2166	1004177112
2167	1004177113
2168	1004177114
2169	1004177548
2170	1004177564
2171	1004177566
2172	1004177935
2173	1004177936
2174	1004177937
2175	1004177938
2176	1004177971
2177	1004181261
2178	1004182326
2179	1004182541
2180	1004182774
2181	1004182779
2182	1004182819
2183	1004182926
2184	1004182927
2185	1004182931
2186	1004182932
2187	1004182959
2188	1004182960
2189	1004182962
2190	1004182963
2191	1004182964
2192	1004183157
2193	1004183217
2194	1004183308
2195	1004183453
2196	1004183480
2197	1004184470
2198	1004184471
2199	1004184472
2200	1004184474
2201	1004184580
2202	1004184581
2203	1004184588
2204	1004185366
2205	1004185367
2206	1004185369
2207	1004185370
2208	1004185371
2209	1004185373
2210	1004185379
2211	1004185382
2212	1004185385
2213	1004185389
2214	1004185395
2215	1004185397
2216	1004185398
2217	1004185400
2218	1004185402
2219	1004185403
2220	1004185410
2221	1004185413
2222	1004185416
2223	1004185417
2224	1004185419
2225	1004185426
2226	1004185427
2227	1004185429
2228	1004185566
2229	1004186571
2230	1004186572
2231	1004186723
2232	1004186724
2233	1004186779
2234	1004186780
2235	1004186781
2236	1004186971
2237	1004186973
2238	1004186985
2239	1004187000
2240	1004187029
2241	1004187030
2242	1004188418
2243	1004188578
2244	1004188646
2245	1004188647
2246	1004188648
2247	1004188649
2248	1004188650
2249	1004188657
2250	1004188658
2251	1004188659
2252	1004188755
2253	1004188756
2254	1004188757
2255	1004189610
2256	1004189611
2257	1004189792
2258	1004190460
2259	1004190461
2260	1004190462
2261	1004190558
2262	1004190596
2263	1004192039
2264	1004192049
2265	1004192066
2266	1004192167
2267	1004192402
2268	1004192953
2269	1004192954
2270	1004193501
2271	1004195615
2272	1004195616
2273	1004195617
2274	1004196202
2275	1004196286
2276	1004196307
2277	1004196308
2278	1004196369
2279	1004196494
2280	1004196993
2281	1004196995
2282	1004197054
2283	1004197068
2284	1004197069
2285	1004197520
2286	1004197524
2287	1004197696
2288	1004197697
2289	1004197698
2290	1004197699
2291	1004197938
2292	1004198328
2293	1004198363
2294	1004198505
2295	1004198506
2296	1004198507
2297	1004198508
2298	1004198511
2299	1004198512
2300	1004198516
2301	1004198517
2302	1004198533
2303	1004198675
2304	1004198724
2305	1004198801
2306	1004198804
2307	1004198818
2308	1004198826
2309	1004198827
2310	1004199214
2311	1004199300
2312	1004199309
2313	1004199315
2314	1004199316
2315	1004199317
2316	1004199318
2317	1004199319
2318	1004199320
2319	1004199322
2320	1004199323
2321	1004199324
2322	1004199325
2323	1004199326
2324	1004199327
2325	1004199328
2326	1004199332
2327	1004199348
2328	1004200259
2329	1004200269
2330	1004200271
2331	1004200803
2332	1004200986
2333	1004200988
2334	1004201544
2335	1004201642
2336	1004201643
2337	1004201644
2338	1004201645
2339	1004201646
2340	1004202139
2341	1004202413
2342	1004202479
2343	1004202512
2344	1004203900
2345	1004204365
2346	1004204584
2347	1004204591
2348	1004204592
2349	1004204593
2350	1004204595
2351	1004204596
2352	1004204597
2353	1004204600
2354	1004204601
2355	1004204602
2356	1004205176
2357	1004205187
2358	1004205208
2359	1004205343
2360	1004205930
2361	1004205932
2362	1004206364
2363	1004207982
2364	1004207983
2365	1004208100
2366	1004208121
2367	1004208251
2368	1004208252
2369	1004208253
2370	1004208632
2371	1004208662
2372	1004209220
2373	1004209221
2374	1004210487
2375	1004210488
2376	1004210928
2377	1004212130
2378	1004212140
2379	1004212143
2380	1004213670
2381	1004213671
2382	1004213693
2383	1004213707
2384	1004213708
2385	1004213752
2386	1004213760
2387	1004213761
2388	1004213786
2389	1004214031
2390	1004214037
2391	1004215048
2392	1004215049
2393	1004215130
2394	1004215131
2395	1004215137
2396	1004215253
2397	1004215264
2398	1004216210
2399	1004216899
2400	1004218504
2401	1004220005
2402	1004220011
2403	1004220012
