new_id	original_id
0	136
1	159
2	218
3	223
4	314
5	319
6	325
7	340
8	360
9	362
10	363
11	365
12	366
13	367
14	368
15	370
16	371
17	372
18	373
19	374
20	375
21	380
22	381
23	441
24	519
25	539
26	556
27	565
28	581
29	604
30	606
31	607
32	620
33	634
34	643
35	647
36	652
37	683
38	685
39	694
40	795
41	797
42	798
43	806
44	830
45	834
46	853
47	854
48	856
49	866
50	869
51	891
52	893
53	894
54	895
55	898
56	899
57	900
58	907
59	909
60	919
61	922
62	923
63	952
64	953
65	980
66	989
67	1000
68	1003
69	1039
70	1057
71	1059
72	1061
73	1063
74	1070
75	1089
76	1105
77	1157
78	1173
79	1180
80	1181
81	1182
82	1188
83	1189
84	1191
85	1200
86	1208
87	1213
88	1214
89	1217
90	1220
91	1225
92	1228
93	1230
94	1236
95	1237
96	1239
97	1240
98	1246
99	1254
100	1266
101	1284
102	1285
103	1286
104	1287
105	1288
106	1289
107	1290
108	1291
109	1292
110	1294
111	1295
112	1296
113	1297
114	1301
115	1302
116	1320
117	1322
118	1323
119	1330
120	1331
121	1332
122	1333
123	1334
124	1335
125	1336
126	1337
127	1339
128	1343
129	1344
130	1345
131	1346
132	1347
133	1348
134	1349
135	1350
136	1351
137	1352
138	1353
139	1354
140	1355
141	1356
142	1357
143	1358
144	1359
145	1360
146	1361
147	1362
148	1363
149	1369
150	1370
151	1381
152	1395
153	1400
154	1487
155	1490
156	1493
157	1501
158	1512
159	1516
160	1519
161	1520
162	1536
163	1537
164	1539
165	1540
166	1541
167	1542
168	1544
169	1584
170	1613
171	1653
172	1656
173	1660
174	1666
175	1712
176	1716
177	1738
178	1739
179	1753
180	1766
181	1769
182	1786
183	1788
184	1820
185	1826
186	1827
187	1841
188	1855
189	1857
190	1865
191	1896
192	1898
193	1906
194	1907
195	1908
196	1909
197	1910
198	1919
199	1928
200	1935
201	1944
202	1955
203	1969
204	1970
205	1971
206	1972
207	2008
208	2013
209	2018
210	2024
211	2038
212	2049
213	2052
214	2080
215	2084
216	2107
217	2114
218	2158
219	2163
220	2184
221	2185
222	2202
223	2223
224	2224
225	2225
226	2226
227	2227
228	2236
229	2262
230	2301
231	2316
232	2317
233	2318
234	2319
235	2320
236	2323
237	2324
238	2335
239	2338
240	2342
241	2344
242	2345
243	2359
244	2360
245	2361
246	2362
247	2363
248	2364
249	2365
250	2366
251	2367
252	2373
253	2375
254	2378
255	2379
256	2381
257	2382
258	2383
259	2384
260	2387
261	2393
262	2394
263	2398
264	2399
265	2414
266	2415
267	2416
268	2420
269	2425
270	2432
271	2468
272	2512
273	2523
274	2537
275	2542
276	2569
277	2571
278	2572
279	2580
280	2585
281	2891
282	3014
283	3051
284	3053
285	3057
286	3074
287	3080
288	3081
289	3100
290	3123
291	3124
292	3132
293	3134
294	3145
295	3183
296	3185
297	3197
298	3212
299	3266
300	3269
301	3275
302	3288
303	3290
304	3292
305	3304
306	3355
307	3356
308	3358
309	3417
310	3418
311	3421
312	3422
313	3423
314	3424
315	3429
316	3438
317	3501
318	3502
319	3509
320	3511
321	3512
322	3516
323	3528
324	3587
325	3592
326	3620
327	3650
328	3664
329	3673
330	3776
331	3798
332	3801
333	3809
334	3816
335	3843
336	3849
337	3850
338	3851
339	3870
340	3876
341	3921
342	3937
343	3942
344	3958
345	4011
346	4020
347	4023
348	4039
349	4053
350	4056
351	4083
352	4125
353	4128
354	4130
355	4271
356	4387
357	4402
358	4403
359	4408
360	4409
361	4410
362	4411
363	4412
364	4686
365	4687
366	4695
367	4705
368	4711
369	4726
370	4738
371	4763
372	4842
373	4856
374	4857
375	4858
376	4859
377	4861
378	4862
379	4863
380	5003
381	5020
382	5082
383	5106
384	5221
385	5248
386	5269
387	5301
388	5335
389	5391
390	5466
391	5467
392	5618
393	5621
394	5631
395	5645
396	5700
397	5747
398	5789
399	5814
400	5862
401	5863
402	5899
403	5901
404	5936
405	5941
406	5994
407	5997
408	5999
409	6004
410	6013
411	6015
412	6016
413	6017
414	6018
415	6020
416	6024
417	6031
418	6045
419	6106
420	6154
421	6159
422	6178
423	6181
424	6182
425	6184
426	6186
427	6188
428	6189
429	6190
430	6191
431	6199
432	6265
433	6271
434	6274
435	6277
436	6278
437	6292
438	6322
439	6327
440	6328
441	6410
442	6416
443	6430
444	6439
445	6444
446	6485
447	6511
448	6522
449	6529
450	6584
451	6588
452	6589
453	6593
454	6608
455	6615
456	6617
457	6624
458	6628
459	6629
460	6630
461	6632
462	6633
463	6634
464	6635
465	6636
466	6637
467	6639
468	6641
469	6642
470	6655
471	6656
472	6674
473	6689
474	6691
475	6693
476	6694
477	6708
478	6709
479	6710
480	6712
481	6713
482	6714
483	6718
484	6719
485	6720
486	6723
487	6726
488	6727
489	6728
490	6749
491	6846
492	6847
493	6853
494	6866
495	6869
496	6870
497	6871
498	6873
499	6879
500	6883
501	6890
502	6907
503	6909
504	6910
505	6930
506	6931
507	6933
508	6948
509	6954
510	6955
511	6970
512	6971
513	6973
514	6974
515	6975
516	6979
517	6981
518	6984
519	6985
520	6990
521	6995
522	7002
523	7005
524	7006
525	7011
526	7015
527	7016
528	7018
529	7021
530	7022
531	7025
532	7028
533	7052
534	7059
535	7078
536	7082
537	7085
538	7086
539	7087
540	7092
541	7093
542	7097
543	7101
544	7102
545	7103
546	7104
547	7105
548	7106
549	7110
550	7111
551	7112
552	7114
553	7121
554	7881
555	8268
556	8317
557	8436
558	8456
559	8483
560	8514
561	8529
562	8725
563	8736
564	8737
565	8803
566	8806
567	8809
568	8811
569	8814
570	8815
571	8874
572	8901
573	8904
574	8914
575	8919
576	8971
577	8981
578	9002
579	9003
580	9005
581	9006
582	9040
583	9043
584	9044
585	9046
586	9112
587	9113
588	9147
589	9152
590	9159
591	9160
592	9161
593	9166
594	9172
595	9184
596	9187
597	9189
598	9191
599	9193
600	9195
601	9196
602	9198
603	9200
604	9203
605	9209
606	9212
607	9213
608	9216
609	9217
610	9219
611	9220
612	9221
613	9225
614	9228
615	9230
616	9231
617	9232
618	9236
619	9237
620	9240
621	9242
622	9243
623	9246
624	9249
625	9251
626	9253
627	9257
628	9259
629	9260
630	9261
631	9271
632	9273
633	9274
634	9276
635	9281
636	9285
637	9288
638	9289
639	9294
640	9295
641	9297
642	9300
643	9302
644	9303
645	9304
646	9305
647	9306
648	9309
649	9310
650	9311
651	9314
652	9317
653	9319
654	9320
655	9321
656	9323
657	9327
658	9329
659	9330
660	9331
661	9333
662	9336
663	9405
664	9469
665	9476
666	9495
667	9497
668	9504
669	9505
670	9508
671	9511
672	9520
673	9529
674	9582
675	9586
676	9622
677	9636
678	9637
679	9670
680	9671
681	9673
682	9677
683	9684
684	9689
685	9693
686	9729
687	9745
688	9751
689	9779
690	9781
691	9782
692	9783
693	9785
694	9787
695	9789
696	9791
697	9821
698	9831
699	9887
700	9920
701	9970
702	9979
703	10035
704	10615
705	10648
706	10696
707	10713
708	10752
709	10805
710	10829
711	10985
712	11396
713	11408
714	11459
715	11464
716	11465
717	11468
718	11476
719	11477
720	11478
721	11479
722	11480
723	11481
724	11482
725	11483
726	11485
727	11493
728	11495
729	11496
730	11501
731	11502
732	11503
733	11508
734	11509
735	11510
736	11512
737	11530
738	11532
739	11535
740	11553
741	11561
742	11568
743	11594
744	11597
745	11599
746	11613
747	11614
748	11628
749	11641
750	11685
751	11694
752	11696
753	11698
754	11699
755	11704
756	11716
757	11719
758	11742
759	11804
760	11835
761	11864
762	11866
763	11867
764	11868
765	11871
766	11909
767	11925
768	11928
769	11970
770	11994
771	11997
772	12010
773	12061
774	12089
775	12090
776	12093
777	12128
778	12140
779	12141
780	12159
781	12160
782	12163
783	12164
784	12169
785	12170
786	12172
787	12176
788	12177
789	12186
790	12190
791	12195
792	12196
793	12197
794	12199
795	12200
796	12201
797	12202
798	12204
799	12205
800	12206
801	12207
802	12209
803	12210
804	12211
805	12212
806	12213
807	12214
808	12215
809	12216
810	12217
811	12218
812	12219
813	12220
814	12222
815	12225
816	12226
817	12227
818	12228
819	12229
820	12230
821	12231
822	12232
823	12233
824	12234
825	12236
826	12237
827	12239
828	12240
829	12242
830	12243
831	12244
832	12245
833	12246
834	12247
835	12248
836	12249
837	12250
838	12251
839	12252
840	12253
841	12254
842	12255
843	12256
844	12257
845	12258
846	12259
847	12260
848	12261
849	12262
850	12263
851	12264
852	12265
853	12266
854	12267
855	12268
856	12269
857	12270
858	12271
859	12272
860	12273
861	12274
862	12275
863	12276
864	12277
865	12278
866	12279
867	12280
868	12281
869	12282
870	12283
871	12284
872	12285
873	12286
874	12287
875	12288
876	12289
877	12290
878	12291
879	12292
880	12293
881	12294
882	12295
883	12296
884	12297
885	12298
886	12299
887	12300
888	12301
889	12302
890	12303
891	12304
892	12305
893	12306
894	12307
895	12308
896	12309
897	12310
898	12311
899	12312
900	12313
901	12314
902	12315
903	12316
904	12319
905	12320
906	12321
907	12322
908	12323
909	12324
910	12325
911	12326
912	12327
913	12328
914	12329
915	12330
916	12331
917	12332
918	12333
919	12338
920	12339
921	12340
922	12341
923	12342
924	12343
925	12344
926	12382
927	12383
928	12386
929	12389
930	12394
931	12395
932	12397
933	12404
934	12406
935	12410
936	12413
937	12415
938	12421
939	12427
940	12429
941	12432
942	12434
943	12435
944	12438
945	12455
946	12456
947	12462
948	12463
949	12465
950	12468
951	12475
952	12479
953	12486
954	12487
955	12498
956	12503
957	12516
958	12518
959	12521
960	12528
961	12529
962	12532
963	12535
964	12563
965	12594
966	12595
967	12634
968	12638
969	12639
970	12641
971	12655
972	12676
973	12677
974	12714
975	12715
976	12717
977	12718
978	12719
979	12721
980	12722
981	12723
982	12724
983	12725
984	12726
985	12727
986	12728
987	12729
988	12730
989	12731
990	12734
991	12738
992	12742
993	12743
994	12744
995	12746
996	12747
997	12748
998	12749
999	12750
1000	12751
1001	12753
1002	12775
1003	12809
1004	12816
1005	12832
1006	12845
1007	12917
1008	12947
1009	12985
1010	12989
1011	12991
1012	12993
1013	12994
1014	12995
1015	12997
1016	13003
1017	13007
1018	13009
1019	13018
1020	13023
1021	13024
1022	13026
1023	13027
1024	13028
1025	13029
1026	13033
1027	13039
1028	13040
1029	13049
1030	13050
1031	13052
1032	13073
1033	13081
1034	13085
1035	13088
1036	13089
1037	13092
1038	13095
1039	13096
1040	13098
1041	13099
1042	13106
1043	13119
1044	13120
1045	13127
1046	13131
1047	13132
1048	13133
1049	13136
1050	13137
1051	13146
1052	13152
1053	13157
1054	13161
1055	13163
1056	13164
1057	13171
1058	13179
1059	13186
1060	13243
1061	13245
1062	13255
1063	13258
1064	13260
1065	13264
1066	13265
1067	13269
1068	13270
1069	13271
1070	13272
1071	13275
1072	13276
1073	13277
1074	13278
1075	13280
1076	13281
1077	13283
1078	13284
1079	13288
1080	13289
1081	13290
1082	13291
1083	13293
1084	13295
1085	13296
1086	13297
1087	13298
1088	13304
1089	13305
1090	13306
1091	13308
1092	13309
1093	13311
1094	13312
1095	13313
1096	13320
1097	13330
1098	13331
1099	13332
1100	13335
1101	13356
1102	13358
1103	13361
1104	13370
1105	13371
1106	13372
1107	13377
1108	13378
1109	13379
1110	13380
1111	13381
1112	13382
1113	13383
1114	13384
1115	13385
1116	13386
1117	13387
1118	13388
1119	13389
1120	13390
1121	13391
1122	13392
1123	13393
1124	13394
1125	13395
1126	13396
1127	13397
1128	13398
1129	13399
1130	13400
1131	13401
1132	13402
1133	13403
1134	13404
1135	13405
1136	13406
1137	13407
1138	13408
1139	13409
1140	13410
1141	13411
1142	13412
1143	13413
1144	13415
1145	13416
1146	13417
1147	13418
1148	13419
1149	13420
1150	13421
1151	13422
1152	13423
1153	13424
1154	13425
1155	13426
1156	13427
1157	13428
1158	13429
1159	13431
1160	13433
1161	13434
1162	13435
1163	13436
1164	13437
1165	13438
1166	13439
1167	13440
1168	13442
1169	13443
1170	13444
1171	13445
1172	13446
1173	13447
1174	13448
1175	13449
1176	13450
1177	13451
1178	13452
1179	13453
1180	13454
1181	13456
1182	13457
1183	13458
1184	13459
1185	13461
1186	13462
1187	13463
1188	13464
1189	13465
1190	13466
1191	13467
1192	13468
1193	13470
1194	13471
1195	13472
1196	13500
1197	13504
1198	13505
1199	13508
1200	13510
1201	13511
1202	13512
1203	13514
1204	13515
1205	13516
1206	13517
1207	13518
1208	13519
1209	13520
1210	13521
1211	13578
1212	13580
1213	13666
1214	13720
1215	13723
1216	13733
1217	13818
1218	13821
1219	13828
1220	13829
1221	13830
1222	13831
1223	13843
1224	13844
1225	13845
1226	13882
1227	13883
1228	13884
1229	13885
1230	13887
1231	13888
1232	13889
1233	13890
1234	13891
1235	13892
1236	13893
1237	13894
1238	13895
1239	13896
1240	13898
1241	13899
1242	13900
1243	13901
1244	13902
1245	13903
1246	13904
1247	13905
1248	13906
1249	13907
1250	13908
1251	14646
1252	14651
1253	14653
1254	14660
1255	14661
1256	14662
1257	14678
1258	14681
1259	14685
1260	14687
1261	14695
1262	14715
1263	14720
1264	14735
1265	14742
1266	14743
1267	14745
1268	14746
1269	14750
1270	14752
1271	14753
1272	14937
1273	15407
1274	15780
1275	15815
1276	16210
1277	16213
1278	16220
1279	16278
1280	16299
1281	16300
1282	16301
1283	16302
1284	16306
1285	16310
1286	16311
1287	16319
1288	16320
1289	16326
1290	16348
1291	16351
1292	16352
1293	16361
1294	16381
1295	16441
1296	16452
1297	16788
1298	16863
1299	17777
1300	17781
1301	17783
1302	17784
1303	17785
1304	17786
1305	17787
1306	17788
1307	17790
1308	17791
1309	17792
1310	17805
1311	17818
1312	17822
1313	17827
1314	17893
1315	17897
1316	17898
1317	17925
1318	17933
1319	18031
1320	18038
1321	18251
1322	18341
1323	18577
1324	18689
1325	18766
1326	18775
1327	18793
1328	18794
1329	18795
1330	18798
1331	18799
1332	18800
1333	18814
1334	18817
1335	18821
1336	18837
1337	18839
1338	18844
1339	18850
1340	18851
1341	18855
1342	18857
1343	18858
1344	18866
1345	18867
1346	18868
1347	18870
1348	18872
1349	18873
1350	18874
1351	18875
1352	18879
1353	18880
1354	18883
1355	18884
1356	18885
1357	18886
1358	18887
1359	18888
1360	18889
1361	18890
1362	18891
1363	18892
1364	18893
1365	18894
1366	18895
1367	18896
1368	18898
1369	18906
1370	18917
1371	18933
1372	18945
1373	18949
1374	18951
1375	19030
1376	19034
1377	19035
1378	19036
1379	19195
1380	19207
1381	19212
1382	19232
1383	19270
1384	19271
1385	19289
1386	19290
1387	19291
1388	19292
1389	19295
1390	19304
1391	19306
1392	19308
1393	19312
1394	19324
1395	19326
1396	19327
1397	19329
1398	19330
1399	19332
1400	19334
1401	19336
1402	19338
1403	19344
1404	19347
1405	19357
1406	19451
1407	19458
1408	19518
1409	19519
1410	19521
1411	19523
1412	19524
1413	19525
1414	19526
1415	19538
1416	19539
1417	19540
1418	19550
1419	19551
1420	19552
1421	19553
1422	19554
1423	19555
1424	19556
1425	19557
1426	19558
1427	19559
1428	19560
1429	19561
1430	19562
1431	19563
1432	19581
1433	19586
1434	19651
1435	19718
1436	19719
1437	19720
1438	19759
1439	19767
1440	19769
1441	19788
1442	19789
1443	19790
1444	19814
1445	19815
1446	19816
1447	19817
1448	19818
1449	19819
1450	19821
1451	19824
1452	19825
1453	19826
1454	19828
1455	19829
1456	19830
1457	19831
1458	19833
1459	19834
1460	19835
1461	19836
1462	19837
1463	19838
1464	19839
1465	19840
1466	19841
1467	19842
1468	19843
1469	19844
1470	19845
1471	19846
1472	19847
1473	19848
1474	19849
1475	19851
1476	19852
1477	19853
1478	19854
1479	19855
1480	19857
1481	19860
1482	19915
1483	19916
1484	19921
1485	19949
1486	19956
1487	19962
1488	19964
1489	19977
1490	19986
1491	19994
1492	19996
1493	20004
1494	20007
1495	20008
1496	20024
1497	20035
1498	20047
1499	20050
1500	20051
1501	20056
1502	20057
1503	20061
1504	20073
1505	20082
1506	20084
1507	20086
1508	20089
1509	20096
1510	20101
1511	20109
1512	20128
1513	20131
1514	20134
1515	20140
1516	20144
1517	20151
1518	20199
1519	20207
1520	20213
1521	20215
1522	20216
1523	20253
1524	20256
1525	20258
1526	20259
1527	20261
1528	20262
1529	20263
1530	20296
1531	20299
1532	20307
1533	20323
1534	20346
1535	20347
1536	20348
1537	20349
1538	20350
1539	20365
1540	20366
1541	20369
1542	20372
1543	20373
1544	20376
1545	20377
1546	20378
1547	20383
1548	20387
1549	20416
1550	20426
1551	20433
1552	20436
1553	20439
1554	20461
1555	20468
1556	20469
1557	20470
1558	20478
1559	20480
1560	20483
1561	20484
1562	20496
1563	20501
1564	20502
1565	20503
1566	20513
1567	20517
1568	20615
1569	20618
1570	20656
1571	20670
1572	20671
1573	20673
1574	20675
1575	20715
1576	20719
1577	20730
1578	20745
1579	20778
1580	20793
1581	20796
1582	20798
1583	20809
1584	20812
1585	20828
1586	20837
1587	20846
1588	20901
1589	20913
1590	20915
1591	20930
1592	20931
1593	20938
1594	20948
1595	20953
1596	20962
1597	20965
1598	20966
1599	20967
1600	20968
1601	20969
1602	20970
1603	21005
1604	21006
1605	21015
1606	21033
1607	21042
1608	21056
1609	21133
1610	21140
1611	21149
1612	21166
1613	21167
1614	21168
1615	21169
1616	21170
1617	21171
1618	21172
1619	21174
1620	21175
1621	21177
1622	21178
1623	21179
1624	21180
1625	21233
1626	21242
1627	21251
1628	21252
1629	21258
1630	21260
1631	21324
1632	21328
1633	21334
1634	21335
1635	21336
1636	21337
1637	21339
1638	21340
1639	21341
1640	21528
1641	21529
1642	21542
1643	21550
1644	21618
1645	21630
1646	21632
1647	21633
1648	21634
1649	21635
1650	21636
1651	21639
1652	21640
1653	21668
1654	21670
1655	21696
1656	21697
1657	21699
1658	21703
1659	21715
1660	21721
1661	21723
1662	21724
1663	21726
1664	21730
1665	21732
1666	21734
1667	21737
1668	21744
1669	21747
1670	21787
1671	21793
1672	21823
1673	21825
1674	21826
1675	21829
1676	21831
1677	21832
1678	21833
1679	21839
1680	21841
1681	21844
1682	21845
1683	21848
1684	21858
1685	21859
1686	21893
1687	21912
1688	21914
1689	21917
1690	21925
1691	21926
1692	21927
1693	21928
1694	21929
1695	21949
1696	21950
1697	21979
1698	21985
1699	21986
1700	21987
1701	21988
1702	21990
1703	21991
1704	21992
1705	21993
1706	21994
1707	21995
1708	21996
1709	21997
1710	21998
1711	21999
1712	22000
1713	22001
1714	22008
1715	22016
1716	22027
1717	22264
1718	22640
1719	22699
1720	22704
1721	22707
1722	22708
1723	22709
1724	22735
1725	22736
1726	22737
1727	22738
1728	22739
1729	22740
1730	22741
1731	22742
1732	22744
1733	22762
1734	22799
1735	23139
1736	23140
1737	23240
1738	23241
1739	23311
1740	23312
1741	23315
1742	23316
1743	23317
1744	23318
1745	23455
1746	23456
1747	23460
1748	23465
1749	23497
1750	23499
1751	23502
1752	23509
1753	23511
1754	23519
1755	23522
1756	23531
1757	23540
1758	23542
1759	23544
1760	23547
1761	23592
1762	23593
1763	23598
1764	23599
1765	23609
1766	23611
1767	23615
1768	23618
1769	23633
1770	23638
1771	23643
1772	23644
1773	23645
1774	23650
1775	23661
1776	23664
1777	23671
1778	23672
1779	23683
1780	23690
1781	23694
1782	23696
1783	23702
1784	23731
1785	23739
1786	23756
1787	23758
1788	23807
1789	23809
1790	23836
1791	23837
1792	23844
1793	23845
1794	23846
1795	23855
1796	23857
1797	23858
1798	23874
1799	23890
1800	23900
1801	23904
1802	23918
1803	23938
1804	23940
1805	23955
1806	23967
1807	23972
1808	23990
1809	24014
1810	24016
1811	24026
1812	24030
1813	24063
1814	24070
1815	24071
1816	24085
1817	24097
1818	24108
1819	24109
1820	24113
1821	24145
1822	24150
1823	24152
1824	24157
1825	24192
1826	24194
1827	24213
1828	24214
1829	24215
1830	24219
1831	24283
1832	24313
1833	24317
1834	24323
1835	24367
1836	24370
1837	24371
1838	24372
1839	24373
1840	24375
1841	24376
1842	24381
1843	24389
1844	24394
1845	24395
1846	24398
1847	24399
1848	24400
1849	24401
1850	24404
1851	24405
1852	24407
1853	24410
1854	24414
1855	24418
1856	24424
1857	24427
1858	24428
1859	24432
1860	24433
1861	24435
1862	24439
1863	24441
1864	24442
1865	24443
1866	24444
1867	24445
1868	24446
1869	24447
1870	24448
1871	24449
1872	24450
1873	24458
1874	24460
1875	24473
1876	24474
1877	24478
1878	24480
1879	24486
1880	24487
1881	24488
1882	24490
1883	24492
1884	24494
1885	24495
1886	24496
1887	24499
1888	24504
1889	24505
1890	24509
1891	24510
1892	24513
1893	24517
1894	24518
1895	24543
1896	24545
1897	24548
1898	24552
1899	24555
1900	24557
1901	24558
1902	24559
1903	24560
1904	24564
1905	24565
1906	24566
1907	24568
1908	24569
1909	24570
1910	24571
1911	24573
1912	24576
1913	24577
1914	24579
1915	24583
1916	24596
1917	24597
1918	24599
1919	24600
1920	24602
1921	24607
1922	24609
1923	24611
1924	24612
1925	24613
1926	24614
1927	24615
1928	24617
1929	24618
1930	24620
1931	24667
1932	24668
1933	24676
1934	24678
1935	24679
1936	24681
1937	24684
1938	24692
1939	24707
1940	24708
1941	24715
1942	24719
1943	24788
1944	24790
1945	24791
1946	24798
1947	24804
1948	24818
1949	24823
1950	24824
1951	24829
1952	24835
1953	24837
1954	24841
1955	24843
1956	24844
1957	24855
1958	24861
1959	24864
1960	24865
1961	24872
1962	24874
1963	24880
1964	24883
1965	24885
1966	24887
1967	24890
1968	24896
1969	24897
1970	24899
1971	24901
1972	24905
1973	24907
1974	24910
1975	24925
1976	24945
1977	24948
1978	24950
1979	24951
1980	24962
1981	24965
1982	24967
1983	24974
1984	24976
1985	24980
1986	24981
1987	24985
1988	24987
1989	24988
1990	24990
1991	24995
1992	24998
1993	25000
1994	25009
1995	25010
1996	25013
1997	25016
1998	25034
1999	25036
2000	25042
2001	25044
2002	25047
2003	25056
2004	25057
2005	25058
2006	25059
2007	25060
2008	25061
2009	25062
2010	25063
2011	25064
2012	25065
2013	25066
2014	25068
2015	25071
2016	25072
2017	25073
2018	25076
2019	25077
2020	25078
2021	25079
2022	25081
2023	25082
2024	25085
2025	25086
2026	25087
2027	25088
2028	25089
2029	25090
2030	25091
2031	25092
2032	25093
2033	25094
2034	25095
2035	25096
2036	25099
2037	25100
2038	25103
2039	25105
2040	25113
2041	25115
2042	25116
2043	25119
2044	25123
2045	25124
2046	25129
2047	25135
2048	25136
2049	25139
2050	25142
2051	25144
2052	25145
2053	25149
2054	25152
2055	25158
2056	25159
2057	25162
2058	25164
2059	25165
2060	25174
2061	25175
2062	25180
2063	25181
2064	25184
2065	25193
2066	25196
2067	25198
2068	25199
2069	25202
2070	25205
2071	25206
2072	25209
2073	25214
2074	25220
2075	25222
2076	25226
2077	25231
2078	25233
2079	25235
2080	25250
2081	25269
2082	25273
2083	25281
2084	25282
2085	25284
2086	25291
2087	25294
2088	25295
2089	25299
2090	25305
2091	25308
2092	25310
2093	25311
2094	25313
2095	25314
2096	25317
2097	25321
2098	35367
2099	35389
2100	35391
2101	35401
2102	35427
2103	35428
2104	35441
2105	35451
2106	35466
2107	35470
2108	35471
2109	35473
2110	35474
2111	35478
2112	35483
2113	35484
2114	35488
2115	35489
2116	35491
2117	35495
2118	35509
2119	35521
2120	35527
2121	35532
2122	35545
2123	35551
2124	35553
2125	35563
2126	35565
2127	35568
2128	35574
2129	35587
2130	35601
2131	35609
2132	35613
2133	35617
2134	35619
2135	35627
2136	35648
2137	35650
2138	35663
2139	35673
2140	35679
2141	35681
2142	35700
2143	35704
2144	35706
2145	35707
2146	35730
2147	35735
2148	35744
2149	35752
2150	35791
2151	35793
2152	35794
2153	35818
2154	35828
2155	35843
2156	35847
2157	35850
2158	35853
2159	35868
2160	35869
2161	35874
2162	35875
2163	35878
2164	35880
2165	35882
2166	35883
2167	35893
2168	35906
2169	35917
2170	35926
2171	35927
2172	35942
2173	35945
2174	35947
2175	35978
2176	35982
2177	35991
2178	35999
2179	36010
2180	36018
2181	36031
2182	36032
2183	36058
2184	36063
2185	36080
2186	36081
2187	36099
2188	36130
2189	36168
2190	36169
2191	36171
2192	36177
2193	36178
2194	36197
2195	36199
2196	36200
2197	36207
2198	36219
2199	36221
2200	36238
2201	36245
2202	36246
2203	36250
2204	36252
2205	36257
2206	36273
2207	36291
2208	36293
2209	36299
2210	36301
2211	36303
2212	36305
2213	36307
2214	36311
2215	36313
2216	36331
2217	36340
2218	36352
2219	36393
2220	36436
2221	36467
2222	36470
2223	36484
2224	36496
2225	36503
2226	36512
2227	36516
2228	36518
2229	36520
2230	36527
2231	36533
2232	36541
2233	36549
2234	36564
2235	36572
2236	36582
2237	36587
2238	36608
2239	36610
2240	36622
2241	36623
2242	36635
2243	36649
2244	36650
2245	36669
2246	36680
2247	36700
2248	36715
2249	36716
2250	36719
2251	36720
2252	36729
2253	36735
2254	36751
2255	36752
2256	36755
2257	36759
2258	36777
2259	36791
2260	36798
2261	36811
2262	36817
2263	36819
2264	36820
2265	36821
2266	36829
2267	36853
2268	36862
2269	36887
2270	36889
2271	36904
2272	36915
2273	36960
2274	36961
2275	36971
2276	36976
2277	36991
2278	37006
2279	37019
2280	37020
2281	37024
2282	37025
2283	37026
2284	37027
2285	37033
2286	37038
2287	37042
2288	37045
2289	37054
2290	37075
2291	37086
2292	37094
2293	37099
2294	37161
2295	37170
2296	37173
2297	37182
2298	37201
2299	37215
2300	37223
2301	37234
2302	37253
2303	37262
2304	37266
2305	37273
2306	37277
2307	37292
2308	37299
2309	37309
2310	37316
2311	37319
2312	37322
2313	37334
2314	37335
2315	37339
2316	37347
2317	37374
2318	37401
2319	37416
2320	37418
2321	37423
2322	37428
2323	37442
2324	37448
2325	37485
2326	37499
2327	37513
2328	37528
2329	37531
2330	37538
2331	37548
2332	37566
2333	37576
2334	37577
2335	37579
2336	37581
2337	37595
2338	37628
2339	37640
2340	37644
2341	37655
2342	37678
2343	37680
2344	37689
2345	37691
2346	37697
2347	37698
2348	37720
2349	37724
2350	37729
2351	37742
2352	37747
2353	37753
2354	37754
2355	37773
2356	37776
2357	37795
2358	37806
2359	37809
2360	37813
2361	37836
2362	37841
2363	37861
2364	37869
2365	37873
2366	37874
2367	37875
2368	37889
2369	37891
2370	37898
2371	37904
2372	37905
2373	37907
2374	37914
2375	37917
2376	37922
2377	37938
2378	37946
2379	37947
2380	37955
2381	37956
2382	37961
2383	37963
2384	37966
2385	37978
2386	37984
2387	37987
2388	37991
2389	37992
2390	38005
2391	38007
2392	38014
2393	38015
2394	38016
2395	38026
2396	38030
2397	38032
2398	38042
2399	38047
2400	38058
2401	38061
2402	38069
2403	38081
2404	38083
2405	38101
2406	38105
2407	38121
2408	38127
2409	38139
2410	38155
2411	38165
2412	38169
2413	38177
2414	38192
2415	38200
2416	38205
2417	38208
2418	38212
2419	38214
2420	38220
2421	38223
2422	38225
2423	38239
2424	38251
2425	38279
2426	38314
2427	38341
2428	38367
2429	38384
2430	38385
2431	38388
2432	38405
2433	38440
2434	38452
2435	38518
2436	38527
2437	38537
2438	38540
2439	38548
2440	38549
2441	38550
2442	38552
2443	38553
2444	38554
2445	38555
2446	38556
2447	38559
2448	38562
2449	38565
2450	38569
2451	38574
2452	38575
2453	38576
2454	38604
2455	38617
2456	38619
2457	38620
2458	38621
2459	38622
2460	38623
2461	38624
2462	38625
2463	38626
2464	38679
2465	38689
2466	38690
2467	38692
2468	38773
2469	38775
2470	38895
2471	38898
2472	38927
2473	38935
2474	38936
2475	38958
2476	38959
2477	38962
2478	38964
2479	38972
2480	38973
2481	38986
2482	38987
2483	38989
2484	38992
2485	38993
2486	39041
2487	39069
2488	39180
2489	39752
2490	39764
2491	39769
2492	39771
2493	39772
2494	39782
2495	39783
2496	39793
2497	39795
2498	39834
2499	39838
2500	39839
2501	43064
2502	43071
2503	43144
2504	43146
2505	43150
2506	43151
2507	43160
2508	43162
2509	43163
2510	43179
2511	43185
2512	43189
2513	43191
2514	43193
2515	43199
2516	43203
2517	43208
2518	43235
2519	43297
2520	43298
2521	43300
2522	43305
2523	43342
2524	43344
2525	43345
2526	43346
2527	43767
2528	43871
2529	43876
2530	43985
2531	44262
2532	44264
2533	44273
2534	44278
2535	44311
2536	44326
2537	44327
2538	44330
2539	44335
2540	44363
2541	44366
2542	44367
2543	44376
2544	44385
2545	44391
2546	44395
2547	44402
2548	44403
2549	44404
2550	44405
2551	44407
2552	44408
2553	44458
2554	44459
2555	44460
2556	44533
2557	44539
2558	44541
2559	44542
2560	44543
2561	44544
2562	44545
2563	44548
2564	44549
2565	44550
2566	44552
2567	44553
2568	44555
2569	44558
2570	44561
2571	44562
2572	44563
2573	44576
2574	44596
2575	44619
2576	44620
2577	44621
2578	44622
2579	44625
2580	44671
2581	44680
2582	44681
2583	44684
2584	44688
2585	44804
2586	44805
2587	44814
2588	44837
2589	44865
2590	44871
2591	44910
2592	44911
2593	44917
2594	44920
2595	44922
2596	44924
2597	44936
2598	44941
2599	44942
2600	44945
2601	44948
2602	44949
2603	44950
2604	44954
2605	44959
2606	45000
2607	45002
2608	45140
2609	45143
2610	45209
2611	45216
2612	45217
2613	45226
2614	45239
2615	45969
2616	45974
2617	46013
2618	46016
2619	46017
2620	46019
2621	46025
2622	46087
2623	46107
2624	46115
2625	46117
2626	46182
2627	46186
2628	46201
2629	46210
2630	46211
2631	46224
2632	46228
2633	46237
2634	46245
2635	46256
2636	46297
2637	46299
2638	46309
2639	46316
2640	46317
2641	46319
2642	46322
2643	46335
2644	46338
2645	46340
2646	46343
2647	46358
2648	46359
2649	46362
2650	46373
2651	46374
2652	46375
2653	46390
2654	46411
2655	46412
2656	46415
2657	46417
2658	46420
2659	46421
2660	46522
2661	47029
2662	47052
2663	47053
2664	47061
2665	47063
2666	47067
2667	47111
2668	47115
2669	47131
2670	47133
2671	47144
2672	47147
2673	47149
2674	47153
2675	47155
2676	47158
2677	47162
2678	47165
2679	47167
2680	47177
2681	47181
2682	47186
2683	47189
2684	47190
2685	47194
2686	47197
2687	47198
2688	47200
2689	47201
2690	47202
2691	47203
2692	47204
2693	47205
2694	47207
2695	47210
2696	47216
2697	47220
2698	47226
2699	47228
2700	47231
2701	47232
2702	47233
2703	47239
2704	47240
2705	47241
2706	47242
2707	47251
2708	47253
2709	47260
2710	47263
2711	47264
2712	47269
2713	47270
2714	47272
2715	47274
2716	47275
2717	47277
2718	47279
2719	47280
2720	47281
2721	47283
2722	47290
2723	47292
2724	47304
2725	47305
2726	47307
2727	47309
2728	47310
2729	47311
2730	47312
2731	47314
2732	47315
2733	47317
2734	47319
2735	47321
2736	47323
2737	47324
2738	47325
2739	47329
2740	47330
2741	47332
2742	47333
2743	47335
2744	47339
2745	47340
2746	47342
2747	47346
2748	47349
2749	47352
2750	47356
2751	47358
2752	47370
2753	47372
2754	47376
2755	47377
2756	47378
2757	47381
2758	47385
2759	47388
2760	47390
2761	47392
2762	47393
2763	47396
2764	47398
2765	47399
2766	47404
2767	47405
2768	47408
2769	47410
2770	47412
2771	47416
2772	47420
2773	47421
2774	47422
2775	47423
2776	47430
2777	47431
2778	47433
2779	47435
2780	47436
2781	47437
2782	47439
2783	47440
2784	47441
2785	47442
2786	47444
2787	47445
2788	47446
2789	47448
2790	47449
2791	47450
2792	47451
2793	47454
2794	47457
2795	47459
2796	47460
2797	47462
2798	47463
2799	47464
2800	47465
2801	47466
2802	47467
2803	47468
2804	47469
2805	47470
2806	47471
2807	47472
2808	47476
2809	47477
2810	47478
2811	47479
2812	47480
2813	47482
2814	47485
2815	47487
2816	47488
2817	47489
2818	47490
2819	47491
2820	47492
2821	47493
2822	47495
2823	47496
2824	47497
2825	47500
2826	47502
2827	47503
2828	47504
2829	47507
2830	47509
2831	47512
2832	47514
2833	47516
2834	47518
2835	47519
2836	47521
2837	47522
2838	47525
2839	47526
2840	47527
2841	47528
2842	47530
2843	47531
2844	47532
2845	47533
2846	47535
2847	47538
2848	47539
2849	47540
2850	47545
2851	47547
2852	47548
2853	47549
2854	47552
2855	47553
2856	47554
2857	47559
2858	47562
2859	47563
2860	47564
2861	47566
2862	47567
2863	47568
2864	47571
2865	47572
2866	47578
2867	47581
2868	47584
2869	47588
2870	47589
2871	47591
2872	47592
2873	47593
2874	47595
2875	47596
2876	47597
2877	47598
2878	47599
2879	47603
2880	47604
2881	47606
2882	47607
2883	47608
2884	47609
2885	47613
2886	47615
2887	47617
2888	47618
2889	47619
2890	47620
2891	47621
2892	47623
2893	47624
2894	47625
2895	47626
2896	47627
2897	47628
2898	47629
2899	47630
2900	47631
2901	47632
2902	47633
2903	47636
2904	47638
2905	47639
2906	47640
2907	47642
2908	47643
2909	47644
2910	47645
2911	47646
2912	47651
2913	47652
2914	47653
2915	47654
2916	47655
2917	47656
2918	47657
2919	47658
2920	47659
2921	47661
2922	47663
2923	47664
2924	47665
2925	47666
2926	47669
2927	47670
2928	47672
2929	47673
2930	47675
2931	47677
2932	47681
2933	47683
2934	47687
2935	47692
2936	47693
2937	47695
2938	47696
2939	47699
2940	47700
2941	47701
2942	47702
2943	47703
2944	47704
2945	47706
2946	47707
2947	47708
2948	47709
2949	47710
2950	47711
2951	47713
2952	47714
2953	47715
2954	47716
2955	47718
2956	47719
2957	47722
2958	47723
2959	47725
2960	47729
2961	47732
2962	47733
2963	47734
2964	47735
2965	47738
2966	47741
2967	47742
2968	47743
2969	47744
2970	47745
2971	47746
2972	47749
2973	47750
2974	47751
2975	47752
2976	47753
2977	47754
2978	47755
2979	47756
2980	47757
2981	47759
2982	47760
2983	47761
2984	47762
2985	47763
2986	47764
2987	47765
2988	47766
2989	47767
2990	47769
2991	47770
2992	47772
2993	47774
2994	47777
2995	47778
2996	47781
2997	47791
2998	47797
2999	47801
3000	47805
3001	47810
3002	47812
3003	47816
3004	47817
3005	47821
3006	47824
3007	47825
3008	47832
3009	47838
3010	47840
3011	47843
3012	47846
3013	47847
3014	47849
3015	47850
3016	47853
3017	47857
3018	47860
3019	47861
3020	47864
3021	47865
3022	47867
3023	47868
3024	47869
3025	47871
3026	47872
3027	47876
3028	47879
3029	47880
3030	47881
3031	47884
3032	47885
3033	47886
3034	47887
3035	47888
3036	47891
3037	47892
3038	47893
3039	47894
3040	47896
3041	47899
3042	47902
3043	47912
3044	47913
3045	47916
3046	47919
3047	47921
3048	47924
3049	47925
3050	47926
3051	47928
3052	47930
3053	47932
3054	47934
3055	47935
3056	47938
3057	47939
3058	47940
3059	47941
3060	47943
3061	47944
3062	47948
3063	47950
3064	47952
3065	47953
3066	47954
3067	47956
3068	47957
3069	47958
3070	47960
3071	47961
3072	47962
3073	47964
3074	47966
3075	47967
3076	48043
3077	48044
3078	48049
3079	48050
3080	48053
3081	48057
3082	48062
3083	48069
3084	48070
3085	48074
3086	48076
3087	48080
3088	48082
3089	48084
3090	48088
3091	48099
3092	48112
3093	48116
3094	48119
3095	48120
3096	48121
3097	48127
3098	48129
3099	48130
3100	48131
3101	48132
3102	48133
3103	48135
3104	48143
3105	48145
3106	48146
3107	48151
3108	48152
3109	48153
3110	48158
3111	48160
3112	48286
3113	48341
3114	48345
3115	48348
3116	48383
3117	48418
3118	48422
3119	48494
3120	48522
3121	48525
3122	48529
3123	48530
3124	48534
3125	48541
3126	48545
3127	48547
3128	48548
3129	48550
3130	48551
3131	48552
3132	48557
3133	48558
3134	48560
3135	48565
3136	48567
3137	48572
3138	48573
3139	48575
3140	48576
3141	48579
3142	48581
3143	48583
3144	48589
3145	48592
3146	48593
3147	48594
3148	48598
3149	48599
3150	48615
3151	48617
3152	48620
3153	48623
3154	48624
3155	48637
3156	48639
3157	48640
3158	48647
3159	48648
3160	48649
3161	48650
3162	48651
3163	48652
3164	48653
3165	48655
3166	48656
3167	48657
3168	48658
3169	48659
3170	48660
3171	48664
3172	48666
3173	48670
3174	48673
3175	48674
3176	48675
3177	48679
3178	48680
3179	48683
3180	48684
3181	48694
3182	48715
3183	48717
3184	49122
3185	49152
3186	49154
3187	49156
3188	49158
3189	49159
3190	49161
3191	49165
3192	49166
3193	49168
3194	49169
3195	49170
3196	49171
3197	49178
3198	49180
3199	49181
3200	49183
3201	49184
3202	49185
3203	49187
3204	49188
3205	49190
3206	49191
3207	49194
3208	49195
3209	49197
3210	49199
3211	49200
3212	49202
3213	49204
3214	49205
3215	49208
3216	49210
3217	49211
3218	49216
3219	49217
3220	49220
3221	49223
3222	49224
3223	49225
3224	49226
3225	49229
3226	49230
3227	49246
3228	49277
3229	49306
3230	49345
3231	49351
3232	49360
3233	49378
3234	49384
3235	49388
3236	49426
3237	49538
3238	49627
3239	49631
3240	49655
3241	49662
3242	51095
3243	51096
3244	51097
3245	51098
3246	62189
